ID;Vertice;N;E
1;F99-P-1133;8152112,79;675863,03
2;F99-M-0217;8152107,75;675868,93
3;F99-M-0218;8151966,24;675977,50
4;F99-M-0219;8151095,91;676651,98
5;F99-M-0226;8151056,03;677631,29
6;F99-M-0227;8151055,23;677646,07
7;F99-M-0228;8151049,87;677797,09
8;F99-M-0229;8151047,04;677857,87
9;F99-M-0220;8151037,94;678037,73
10;F99-P-1134;8151038,61;678042,63
11;F99-P-1135;8151035,90;678048,49
12;F99-P-1136;8151031,81;678053,36
13;F99-P-1137;8151035,56;678065,63
14;F99-P-1138;8151025,77;678067,30
15;F99-P-1139;8151016,73;678063,26
16;F99-P-1140;8150998,45;678075,43
17;F99-P-1141;8150976,87;678070,24
18;F99-P-1142;8150970,97;678063,49
19;F99-P-1143;8150971,03;678047,37
20;F99-P-1144;8150957,16;678043,26
21;F99-P-1145;8150950,26;678036,11
22;F99-P-1146;8150954,15;678028,31
23;F99-P-1147;8150945,51;678011,95
24;F99-P-1148;8150928,15;678002,11
25;F99-P-1149;8150921,77;678010,62
26;F99-P-1150;8150924,00;678024,43
27;F99-P-1151;8150906,73;678025,54
28;F99-P-1152;8150906,65;678015,70
29;F99-P-1153;8150891,71;678008,42
30;F99-P-1154;8150882,05;678015,12
31;F99-P-1155;8150873,56;678013,74
32;F99-P-1156;8150864,09;678007,48
33;F99-P-1157;8150857,00;678013,81
34;F99-P-1158;8150840,37;678007,34
35;F99-P-1159;8150832,46;677999,46
36;F99-P-1160;8150830,65;677986,33
37;F99-P-1161;8150819,60;677982,69
38;F99-P-1162;8150803,74;677985,49
39;F99-P-1163;8150790,78;677978,97
40;F99-P-1164;8150784,11;677970,07
41;F99-P-1165;8150771,51;677971,57
42;F99-P-1166;8150754,73;677967,39
43;F99-P-1167;8150735,15;677968,59
44;F99-P-1168;8150726,31;677960,29
45;F99-P-1169;8150704,39;677963,14
46;F99-P-1170;8150695,39;677973,28
47;F99-P-1171;8150674,09;677971,71
48;F99-P-1172;8150662,63;677962,54
49;F99-P-1173;8150644,92;677958,38
50;F99-P-1174;8150635,42;677947,18
51;F99-P-1175;8150619,01;677944,03
52;F99-P-1176;8150617,19;677934,32
53;F99-P-1177;8150613,74;677931,83
54;F99-P-1178;8150606,79;677924,15
55;F99-P-1179;8150605,34;677922,07
56;F99-P-1180;8150623,91;677904,96
57;F99-P-1181;8150622,07;677895,03
58;F99-P-1182;8150570,79;677892,04
59;F99-P-1183;8150574,50;677883,10
60;F99-P-1184;8150572,80;677879,92
61;F99-M-0233;8150572,05;677877,78
62;F99-M-0232;8150566,82;677868,95
63;F99-M-0231;8150509,92;677834,67
64;F99-M-0230;8150491,66;677810,11
65;F99-M-0225;8150486,27;677807,12
66;F99-M-0224;8150479,16;677805,94
67;F99-M-0223;8150350,79;677838,82
68;F99-M-0222;8150341,81;677835,85
69;F99-M-0221;8150338,69;677648,64
70;F99-M-0234;8150117,73;677635,09
71;F99-M-0235;8150066,16;677611,62
72;F99-M-0261;8149958,07;677623,24
73;F99-M-0262;8149947,46;677625,19
74;F99-M-0263;8149919,37;677623,15
75;F99-M-0236;8149685,51;677606,58
76;F99-M-0237;8149678,27;677610,00
77;F99-M-0238;8149675,78;677606,08
78;F99-M-0239;8149320,63;677580,26
79;F99-M-0240;8149154,22;677585,55
80;F99-M-0241;8149086,91;677569,26
81;F99-M-0242;8148988,33;677526,70
82;F99-M-0243;8148945,66;677499,61
83;F99-M-0244;8148900,56;677479,71
84;F99-M-0245;8148857,18;677444,87
85;F99-M-0246;8148849,90;677443,65
86;F99-M-0247;8148864,09;677264,71
87;F99-M-0248;8148862,19;677205,62
88;F99-M-0249;8148841,21;677106,83
89;F99-M-0250;8148833,13;676981,23
90;F99-M-0251;8148746,02;676888,17
91;F99-M-0252;8148670,41;676852,93
92;F99-M-0253;8148573,80;676837,09
93;F99-M-0254;8148563,84;676835,14
94;F99-M-0255;8148538,60;676820,76
95;F99-M-0256;8148523,49;676818,84
96;F99-M-0257;8148445,11;676819,54
97;F99-M-0258;8148385,84;676725,22
98;F99-M-0259;8148221,18;676625,36
99;F99-M-0260;8148118,54;676532,86
100;F99-M-0558;8148011,12;676493,35
101;F99-M-0559;8147994,88;676486,83
102;F99-M-0560;8147794,98;676482,14
103;F99-M-0561;8147777,80;676474,24
104;F99-M-0562;8147641,31;676417,50
105;F99-M-0563;8147636,95;676416,59
106;F99-M-0564;8147586,35;676433,00
107;F99-M-0565;8147576,32;676436,56
108;F99-M-0566;8147572,41;676377,21
109;F99-M-0567;8147572,77;676293,79
110;F99-M-0568;8147580,53;676238,73
111;F99-M-0569;8147572,81;676230,32
112;F99-M-0570;8147566,20;676235,45
113;F99-M-0571;8147549,14;676240,32
114;F99-P-1723;8147541,78;676234,43
115;F99-P-1185;8147537,48;676241,67
116;F99-P-1186;8147538,76;676243,94
117;F99-P-1187;8147538,32;676254,08
118;F99-P-1188;8147546,89;676261,51
119;F99-P-1189;8147548,15;676267,97
120;F99-P-1190;8147541,35;676271,57
121;F99-P-1191;8147517,47;676275,12
122;F99-P-1192;8147502,08;676289,24
123;F99-P-1193;8147490,23;676320,98
124;F99-P-1194;8147504,03;676329,59
125;F99-P-1195;8147481,44;676350,64
126;F99-P-1196;8147475,46;676358,42
127;F99-P-1197;8147477,17;676367,83
128;F99-P-1198;8147490,63;676369,40
129;F99-P-1199;8147508,30;676364,25
130;F99-P-1200;8147512,32;676367,41
131;F99-P-1201;8147511,24;676377,46
132;F99-P-1202;8147492,77;676385,36
133;F99-P-1203;8147479,32;676381,63
134;F99-P-1204;8147464,69;676386,41
135;F99-P-1205;8147460,41;676401,06
136;F99-P-1206;8147446,24;676399,35
137;F99-P-1207;8147423,85;676392,62
138;F99-P-1208;8147417,15;676400,14
139;F99-P-1209;8147420,99;676407,96
140;F99-P-1210;8147400,51;676421,08
141;F99-P-1211;8147371,12;676429,61
142;F99-P-1212;8147366,05;676441,58
143;F99-P-1213;8147320,97;676450,91
144;F99-P-1214;8147316,70;676460,35
145;F99-P-1215;8147301,16;676472,81
146;F99-M-0115;8147288,26;676477,17
147;F99-M-0126;8147202,70;676379,64
148;F99-M-0127;8147064,10;676416,02
149;F99-M-0128;8146994,53;676477,48
150;F99-M-0129;8146966,38;676483,20
151;F99-M-0130;8146920,68;676544,24
152;F99-M-0131;8146944,63;676608,47
153;F99-P-1724;8146924,04;676620,22
154;F99-P-1216;8146925,86;676645,10
155;F99-P-1217;8146906,78;676654,56
156;F99-P-1218;8146913,38;676668,06
157;F99-P-1219;8146945,28;676671,37
158;F99-P-1220;8146915,91;676690,80
159;F99-P-1221;8146922,05;676705,43
160;F99-P-1222;8146944,46;676697,84
161;F99-P-1223;8146933,52;676720,21
162;F99-P-1224;8146915,75;676718,48
163;F99-P-1225;8146892,01;676731,45
164;F99-P-1226;8146887,34;676742,86
165;F99-P-1227;8146830,52;676761,99
166;F99-P-1228;8146794,32;676776,23
167;F99-P-1229;8146754,78;676773,10
168;F99-P-1230;8146738,34;676757,57
169;F99-P-1231;8146754,99;676729,99
170;F99-P-1232;8146734,83;676731,96
171;F99-P-1233;8146706,57;676722,40
172;F99-P-1234;8146689,76;676718,87
173;F99-P-1235;8146665,99;676705,69
174;F99-P-1236;8146635,34;676684,87
175;F99-P-1237;8146636,53;676676,87
176;F99-P-1238;8146624,18;676676,39
177;F99-P-1239;8146616,02;676680,85
178;F99-P-1240;8146599,75;676669,31
179;F99-P-1241;8146598,80;676656,12
180;F99-P-1242;8146583,25;676652,15
181;F99-P-1243;8146572,24;676637,13
182;F99-P-1244;8146545,75;676643,03
183;F99-P-1245;8146538,91;676657,08
184;F99-P-1246;8146528,21;676663,63
185;F99-P-1247;8146510,76;676661,68
186;F99-P-1248;8146497,73;676683,08
187;F99-P-1249;8146483,34;676691,52
188;F99-P-1250;8146457,06;676719,14
189;F99-P-1251;8146450,63;676734,38
190;F99-P-1252;8146453,03;676754,94
191;F99-P-1253;8146439,46;676777,49
192;F99-P-1254;8146411,83;676820,63
193;F99-P-1255;8146402,13;676841,11
194;F99-P-1256;8146391,35;676840,42
195;F99-P-1257;8146358,81;676870,76
196;F99-P-1258;8146342,26;676860,67
197;F99-P-1259;8146335,22;676838,89
198;F99-P-1260;8146319,29;676827,80
199;F99-P-1261;8146285,95;676823,27
200;F99-P-1262;8146241,57;676844,29
201;F99-P-1263;8146189,09;676818,30
202;F99-P-1264;8146139,25;676818,94
203;F99-P-1265;8146104,82;676791,65
204;F99-P-1266;8146091,83;676802,61
205;F99-P-1267;8146075,91;676794,41
206;F99-P-1268;8146064,77;676777,53
207;F99-P-1269;8146015,09;676764,73
208;F99-P-1270;8145964,99;676769,41
209;F99-P-1271;8145948,95;676762,99
210;F99-P-1272;8145949,59;676782,53
211;F99-P-1273;8145931,98;676783,90
212;F99-P-1274;8145935,20;676805,49
213;F99-P-1275;8145919,71;676799,11
214;F99-P-1276;8145899,75;676820,84
215;F99-P-1277;8145903,30;676852,08
216;F99-P-1278;8145886,62;676877,88
217;F99-P-1279;8145838,58;676871,65
218;F99-P-1280;8145828,27;676884,38
219;F99-P-1281;8145830,75;676908,45
220;F99-P-1282;8145809,47;676928,38
221;F99-P-1283;8145781,19;676938,35
222;F99-P-1284;8145764,09;676927,91
223;F99-P-1285;8145759,30;676913,50
224;F99-P-1286;8145698,60;676911,46
225;F99-P-1287;8145633,43;676913,67
226;F99-P-1288;8145586,53;676905,06
227;F99-P-1289;8145549,84;676889,58
228;F99-P-1290;8145504,84;676890,38
229;F99-P-1291;8145452,46;676884,13
230;F99-P-1292;8145434,39;676892,56
231;F99-P-1293;8145386,22;676905,35
232;F99-P-1294;8145335,75;676908,40
233;F99-P-1295;8145291,63;676901,53
234;F99-P-1296;8145258,69;676903,00
235;F99-P-1297;8145215,78;676904,81
236;F99-P-1298;8145147,90;676916,24
237;F99-P-1299;8145110,24;676958,30
238;F99-P-1300;8145094,70;677008,00
239;F99-M-0145;8145071,03;677013,71
240;F99-M-0144;8145051,69;676930,81
241;F99-M-0143;8144101,63;676955,91
242;F99-M-1744;8144035,01;676912,66
243;F99-M-1743;8143103,09;675901,45
244;F99-M-1742;8143102,57;675885,72
245;F99-M-1741;8143034,33;675290,53
246;F99-M-0093;8142686,63;674896,71
247;F99-M-0094;8142845,45;674837,61
248;F99-M-0092;8143044,53;674764,77
249;F99-M-0091;8143053,23;674743,41
250;F99-M-0090;8143134,20;674640,59
251;F99-M-0089;8143147,11;674600,03
252;F99-M-0088;8143143,55;674509,60
253;F99-M-0087;8143091,97;674407,17
254;F99-M-1112;8143092,17;674384,93
255;F99-M-0086;8143098,85;674365,96
256;F99-M-1113;8143118,14;674351,58
257;F99-M-0085;8143218,16;674323,93
258;F99-M-0084;8143236,92;674297,71
259;F99-M-0083;8143214,35;674238,00
260;F99-M-0082;8143176,15;674209,11
261;F99-M-0081;8143160,30;674189,23
262;F99-M-1114;8143161,26;674172,27
263;F99-M-0080;8143177,07;674140,02
264;F99-M-0079;8143126,46;674092,19
265;F99-M-0078;8143095,75;674038,57
266;F99-M-1115;8143092,89;674018,35
267;F99-M-0077;8143095,62;673998,48
268;F99-M-0076;8143236,79;673945,61
269;F99-M-0075;8143243,88;673922,78
270;F99-M-0074;8143196,78;673886,73
271;F99-M-0073;8143139,27;673827,21
272;F99-M-0072;8143135,87;673758,56
273;F99-M-0071;8143068,90;673678,67
274;F99-M-0070;8142995,01;673611,87
275;F99-M-0069;8142979,45;673531,17
276;F99-M-0068;8142977,08;673509,77
277;F99-M-0067;8142981,11;673478,97
278;F99-M-0066;8143036,52;673215,95
279;F99-M-0065;8143028,48;673183,67
280;F99-M-0064;8143080,21;673017,84
281;F99-M-0155;8143086,47;673002,34
282;F99-M-0156;8143182,23;673000,27
283;F99-M-0157;8143291,84;673064,00
284;F99-M-0158;8143316,48;673064,56
285;F99-M-0159;8143359,22;673044,82
286;F99-M-0160;8143521,19;673084,73
287;F99-M-0161;8143581,98;673140,32
288;F99-M-0162;8143719,68;673204,14
289;F99-M-0163;8143763,59;673215,37
290;F99-M-0164;8143825,32;673206,33
291;F99-M-0165;8143902,43;673145,31
292;F99-M-0166;8143993,98;673171,69
293;F99-M-0167;8144007,33;673193,23
294;F99-M-0168;8144008,33;673221,48
295;F99-M-0169;8143981,41;673292,28
296;F99-M-0170;8144332,47;673374,67
297;F99-M-0171;8144473,89;673404,77
298;F99-M-0172;8144624,15;673435,45
299;F99-M-0173;8144761,42;673442,27
300;F99-M-0174;8144813,26;673446,76
301;F99-M-0175;8144842,35;673491,99
302;F99-M-0176;8144854,07;673541,20
303;F99-M-0177;8144917,54;673527,54
304;F99-M-0178;8144984,22;673657,47
305;F99-M-0179;8145113,03;673670,51
306;F99-M-0180;8145243,16;673698,78
307;F99-M-0181;8145263,25;673703,00
308;F99-M-0182;8145291,01;673711,77
309;F99-M-0183;8145310,87;673716,13
310;F99-M-0184;8146002,81;673946,20
311;F99-M-0185;8146234,25;674110,52
312;F99-M-0186;8146326,49;674137,79
313;F99-M-0187;8146411,97;674200,89
314;F99-M-0188;8146558,96;674295,93
315;F99-M-0189;8146630,32;674344,67
316;F99-M-0190;8146672,41;674424,84
317;F99-M-0191;8146682,60;674440,63
318;F99-M-0192;8146720,04;674462,22
319;F99-M-0193;8146748,88;674453,04
320;F99-M-0194;8146785,23;674425,31
321;F99-M-0195;8146811,17;674426,67
322;F99-M-0196;8146814,89;674480,54
323;F99-M-0197;8146877,91;674491,42
324;F99-M-0198;8146953,14;674491,04
325;F99-M-0199;8147068,68;674535,43
326;F99-M-0200;8147230,99;674566,93
327;F99-M-0201;8147361,39;674564,41
328;F99-M-0202;8147496,24;674585,10
329;F99-M-0203;8147505,98;674601,95
330;F99-M-0204;8147516,84;674669,56
331;F99-M-0205;8147531,29;674694,16
332;F99-M-0206;8147644,13;674826,76
333;F99-M-0207;8147677,49;674929,18
334;F99-M-0208;8147732,05;674944,24
335;F99-M-0209;8147775,06;674962,28
336;F99-M-0210;8147821,52;674976,06
337;F99-M-0211;8147855,03;674980,38
338;F99-M-0212;8147887,71;674980,17
339;F99-M-0213;8147906,42;674985,14
340;F99-M-0214;8147922,59;674996,57
341;F99-M-0215;8147939,11;675024,08
342;F99-M-0216;8147959,93;675121,84
343;F99-P-1485;8147969,94;675122,06
344;F99-P-1486;8147975,82;675122,74
345;F99-P-1487;8147992,31;675124,19
346;F99-P-1488;8148007,93;675131,70
347;F99-P-1489;8148039,00;675135,47
348;F99-P-1490;8148053,66;675139,07
349;F99-P-1491;8148051,53;675150,05
350;F99-P-1492;8148037,26;675170,94
351;F99-P-1493;8148036,38;675179,69
352;F99-P-1494;8148056,71;675183,39
353;F99-P-1495;8148084,28;675195,35
354;F99-P-1496;8148104,71;675192,31
355;F99-P-1497;8148108,64;675182,60
356;F99-P-1498;8148090,17;675166,20
357;F99-P-1499;8148103,75;675156,69
358;F99-P-1500;8148143,30;675169,74
359;F99-P-1501;8148162,74;675179,05
360;F99-P-1502;8148173,01;675206,96
361;F99-P-1503;8148236,96;675202,07
362;F99-P-1504;8148279,83;675200,86
363;F99-P-1505;8148310,04;675195,43
364;F99-P-1506;8148340,39;675201,32
365;F99-P-1507;8148344,10;675196,39
366;F99-P-1508;8148381,99;675187,66
367;F99-P-1509;8148442,83;675164,16
368;F99-P-1510;8148482,98;675134,86
369;F99-P-1511;8148512,17;675104,84
370;F99-P-1512;8148518,10;675086,13
371;F99-P-1513;8148541,38;675047,06
372;F99-P-1514;8148553,86;674961,69
373;F99-P-1515;8148566,79;674956,20
374;F99-P-1516;8148633,34;675004,05
375;F99-P-1517;8148652,14;675029,27
376;F99-P-1518;8148674,64;674980,48
377;F99-P-1519;8148661,73;674959,07
378;F99-P-1520;8148662,29;674880,54
379;F99-P-1521;8148650,39;674874,72
380;F99-P-1522;8148608,66;674843,90
381;F99-P-1523;8148608,34;674828,17
382;F99-P-1524;8148621,76;674819,82
383;F99-P-1525;8148618,32;674790,60
384;F99-P-1526;8148584,61;674747,98
385;F99-P-1527;8148572,81;674747,71
386;F99-P-1528;8148564,86;674727,81
387;F99-P-1529;8148590,75;674698,45
388;F99-P-1530;8148593,39;674678,33
389;F99-P-1531;8148578,13;674648,94
390;F99-P-1532;8148582,32;674613,56
391;F99-P-1533;8148572,26;674580,24
392;F99-P-1534;8148563,21;674551,11
393;F99-P-1535;8148580,81;674533,92
394;F99-P-1536;8148608,38;674528,46
395;F99-P-1537;8148664,97;674533,46
396;F99-P-1538;8148683,05;674508,88
397;F99-P-1539;8148758,93;674473,26
398;F99-P-1540;8148796,75;674404,57
399;F99-P-1541;8148805,59;674385,93
400;F99-P-1542;8148849,05;674355,74
401;F99-P-1543;8148880,35;674371,67
402;F99-P-1544;8148886,60;674397,03
403;F99-P-1545;8148871,62;674409,44
404;F99-P-1546;8148868,45;674431,35
405;F99-P-1547;8148892,49;674437,69
406;F99-P-1548;8148914,16;674433,23
407;F99-P-1549;8148941,94;674400,04
408;F99-P-1550;8148967,93;674384,94
409;F99-P-1551;8148976,99;674366,18
410;F99-P-1552;8148968,24;674350,16
411;F99-P-1553;8148936,36;674335,65
412;F99-P-1554;8148917,75;674300,84
413;F99-P-1555;8148913,98;674264,55
414;F99-P-1556;8148919,35;674240,07
415;F99-P-1557;8148927,98;674229,04
416;F99-P-1558;8148951,22;674240,14
417;F99-P-1559;8148973,60;674249,66
418;F99-P-1560;8148992,38;674271,83
419;F99-P-1561;8149006,62;674280,90
420;F99-P-1562;8149014,76;674281,54
421;F99-P-1563;8149029,48;674273,46
422;F99-P-1564;8149033,64;674250,59
423;F99-P-1565;8149051,71;674231,45
424;F99-P-1566;8149061,76;674229,41
425;F99-P-1567;8149102,70;674247,51
426;F99-P-1568;8149128,69;674232,91
427;F99-P-1569;8149146,59;674258,80
428;F99-P-1570;8149172,60;674279,82
429;F99-P-1571;8149175,70;674312,84
430;F99-P-1572;8149112,86;674352,58
431;F99-P-1573;8149068,27;674421,53
432;F99-P-1574;8149073,01;674457,36
433;F99-P-1575;8149089,68;674481,51
434;F99-P-1576;8149123,86;674477,34
435;F99-P-1577;8149138,82;674471,64
436;F99-P-1578;8149158,27;674480,88
437;F99-P-1579;8149168,27;674507,55
438;F99-P-1580;8149156,36;674537,49
439;F99-P-1581;8149128,95;674544,73
440;F99-P-1582;8149115,04;674539,33
441;F99-P-1583;8149086,55;674541,57
442;F99-P-1584;8149002,75;674594,59
443;F99-P-1585;8148994,63;674608,81
444;F99-P-1586;8149001,64;674623,66
445;F99-P-1587;8149014,40;674642,41
446;F99-P-1588;8149053,86;674637,98
447;F99-P-1589;8149104,93;674657,39
448;F99-P-1590;8149126,43;674656,75
449;F99-P-1591;8149140,99;674667,98
450;F99-P-1592;8149139,91;674688,71
451;F99-P-1593;8149124,48;674736,01
452;F99-P-1594;8149132,96;674747,87
453;F99-P-1595;8149166,02;674761,53
454;F99-P-1596;8149224,67;674786,06
455;F99-P-1597;8149260,45;674781,30
456;F99-P-1598;8149301,79;674730,67
457;F99-P-1599;8149321,95;674706,38
458;F99-P-1600;8149355,92;674705,44
459;F99-P-1601;8149375,53;674718,67
460;F99-P-1602;8149374,51;674751,09
461;F99-P-1603;8149368,62;674775,23
462;F99-P-1604;8149411,75;674815,40
463;F99-P-1605;8149474,74;674797,81
464;F99-P-1606;8149506,47;674783,87
465;F99-P-1607;8149540,42;674737,09
466;F99-P-1608;8149549,66;674719,53
467;F99-P-1609;8149578,60;674706,08
468;F99-P-1610;8149610,71;674648,35
469;F99-P-1611;8149697,88;674624,81
470;F99-P-1612;8149727,03;674642,60
471;F99-P-1613;8149722,37;674676,33
472;F99-P-1614;8149735,01;674711,26
473;F99-P-1615;8149754,31;674713,55
474;F99-P-1616;8149772,43;674710,50
475;F99-P-1617;8149781,04;674686,99
476;F99-P-1618;8149804,09;674655,72
477;F99-P-1619;8149847,05;674668,34
478;F99-P-1620;8149866,94;674669,35
479;F99-P-1621;8149879,76;674664,08
480;F99-P-1622;8149908,81;674682,57
481;F99-P-1623;8149952,72;674656,14
482;F99-P-1624;8149982,54;674642,56
483;F99-P-1625;8150039,73;674652,36
484;F99-P-1626;8150067,49;674655,11
485;F99-P-1627;8150098,01;674634,23
486;F99-P-1628;8150114,22;674609,11
487;F99-P-1629;8150144,66;674601,21
488;F99-P-1630;8150180,91;674606,27
489;F99-P-1631;8150169,04;674698,16
490;F99-P-1632;8150144,30;674721,98
491;F99-P-1633;8150084,70;674778,03
492;F99-P-1634;8150055,07;674840,97
493;F99-P-1635;8150021,96;674878,49
494;F99-P-1636;8150010,21;674904,44
495;F99-P-1637;8150035,75;674926,06
496;F99-P-1638;8150071,95;674940,89
497;F99-P-1639;8150099,40;674938,00
498;F99-P-1640;8150115,79;674918,79
499;F99-P-1641;8150177,37;674901,30
500;F99-P-1642;8150208,51;674900,11
501;F99-P-1643;8150226,49;674912,87
502;F99-P-1644;8150238,09;674934,80
503;F99-P-1645;8150241,54;674972,65
504;F99-P-1646;8150251,79;674996,68
505;F99-P-1647;8150287,87;675036,14
506;F99-P-1648;8150395,17;675031,79
507;F99-P-1649;8150428,46;675109,33
508;F99-P-1650;8150470,83;675168,13
509;F99-P-1651;8150521,30;675248,16
510;F99-P-1652;8150547,05;675290,65
511;F99-P-1653;8150588,31;675315,27
512;F99-P-1654;8150630,14;675321,46
513;F99-P-1655;8150668,40;675322,95
514;F99-P-1656;8150698,92;675333,80
515;F99-P-1657;8150749,40;675357,95
516;F99-P-1658;8150780,09;675358,96
517;F99-P-1659;8150858,42;675325,73
518;F99-P-1660;8150886,04;675315,97
519;F99-P-1661;8150925,68;675309,03
520;F99-P-1662;8151014,41;675334,22
521;F99-P-1663;8151081,94;675336,22
522;F99-P-1664;8151119,66;675336,11
523;F99-P-1665;8151143,41;675326,84
524;F99-P-1666;8151202,73;675305,87
525;F99-P-1667;8151279,95;675294,89
526;F99-P-1668;8151332,14;675295,07
527;F99-P-1669;8151363,24;675307,88
528;F99-P-1670;8151359,13;675328,83
529;F99-P-1671;8151364,41;675359,49
530;F99-P-1672;8151342,70;675415,25
531;F99-P-1673;8151348,85;675451,44
532;F99-P-1674;8151368,15;675508,44
533;F99-P-1675;8151398,69;675586,72
534;F99-P-1676;8151409,29;675622,10
535;F99-P-1677;8151416,03;675661,37
536;F99-P-1678;8151412,88;675720,93
537;F99-P-1679;8151397,60;675784,92
538;F99-P-1680;8151398,01;675824,14
539;F99-P-1681;8151412,22;675845,33
540;F99-P-1682;8151440,30;675869,08
541;F99-P-1683;8151460,95;675876,07
542;F99-P-1684;8151481,32;675864,07
543;F99-P-1685;8151500,48;675823,87
544;F99-P-1686;8151518,00;675781,80
545;F99-P-1687;8151538,45;675764,99
546;F99-P-1688;8151588,56;675754,31
547;F99-P-1689;8151629,26;675766,44
548;F99-P-1690;8151671,19;675792,90
549;F99-P-1691;8151691,81;675824,38
550;F99-P-1692;8151695,49;675849,91
551;F99-P-1693;8151666,36;675862,81
552;F99-P-1694;8151657,49;675888,65
553;F99-P-1695;8151666,57;675904,41
554;F99-P-1696;8151691,47;675902,97
555;F99-P-1697;8151742,11;675957,03
556;F99-P-1698;8151774,38;675963,81
557;F99-P-1699;8151796,22;675945,96
558;F99-P-1700;8151779,87;675927,85
559;F99-P-1701;8151761,88;675923,29
560;F99-P-1702;8151776,02;675887,96
561;F99-P-1703;8151816,18;675865,92
562;F99-P-1704;8151839,63;675881,46
563;F99-P-1705;8151861,31;675900,33
564;F99-P-1706;8151918,23;675910,24
565;F99-P-1707;8151934,75;675924,87
566;F99-P-1708;8151937,23;675942,01
567;F99-P-1709;8151954,31;675953,40
568;F99-P-1710;8151976,74;675930,84
569;F99-P-1711;8151965,38;675915,39
570;F99-P-1712;8151950,77;675913,45
571;F99-P-1713;8151932,32;675896,11
572;F99-P-1714;8151915,60;675835,48
573;F99-P-1715;8151922,05;675812,93
574;F99-P-1716;8151953,00;675809,42
575;F99-P-1717;8151972,04;675825,23
576;F99-P-1718;8152056,00;675797,63
577;F99-P-1719;8152077,54;675782,20
578;F99-P-1720;8152112,73;675794,17
579;F99-P-1721;8152112,30;675824,70
580;F99-P-1722;8152103,52;675848,05
581;F99-P-1133;8152112,79;675863,03
